21.662
21.656
21.656
21.656
21.656
21.656
21.649
21.643
21.642
21.635
21.634
21.634
21.633
21.633
21.633
21.633
21.633
21.626
21.626
21.626
21.618
21.611
21.603
21.595
21.587
21.587
21.587
21.579
21.571
21.562
21.554
21.554
21.552
21.552
21.552
21.543
21.534
21.525
21.525
21.516
21.507
21.507
21.507
21.507
21.507
21.498
21.498
21.498
21.498
21.488
21.488
21.488
21.488
21.485
21.485
21.485
21.476
21.476
21.476
21.476
21.476
21.476
21.476
21.476
21.466
21.466
21.456
21.446
21.446
21.443
21.433
21.422
21.422
21.417
21.408
21.408
21.397
21.388
21.377
21.368
21.363
21.363
21.363
21.363
21.363
21.363
21.363
21.357
21.357
21.357
21.357
21.357
21.357
21.345
21.345
21.345
21.334
21.334
21.334
21.327
21.327
21.327
21.327
21.327
21.327
21.318
21.318
21.318
21.318
21.318
21.318
21.306
21.297
21.290
21.290
21.277
21.269
21.269
21.256
21.248
21.248
21.240
21.227
21.214
21.206
21.197
21.190
21.190
21.184
21.170
21.170
21.165
21.161
21.161
21.158
21.158
21.158
21.147
21.147
21.133
21.118
21.118
21.118
21.104
21.104
21.104
21.104
21.104
21.092
21.092
21.078
21.063
21.063
21.063
21.063
21.048
21.034
21.019
21.019
21.019
21.019
21.019
21.019
21.019
21.003
21.003
20.988
20.988
20.988
20.972
20.958
20.958
20.958
20.942
20.942
20.926
20.911
20.896
20.896
20.896
20.896
20.879
20.863
20.846
20.831
20.831
20.831
20.831
20.815
20.815
20.812
20.795
20.795
20.778
20.761
20.745
20.731
20.731
20.712
20.693
20.693
20.676
20.676
20.676
20.656
20.656
20.637
20.617
20.617
20.595
20.595
20.595
20.577
20.577
20.577
20.577
20.559
20.559
20.559
20.542
20.540
20.540
20.522
20.520
20.520
20.505
20.505
20.505
20.505
20.505
20.505
20.482
20.482
20.464
20.441
20.441
20.426
20.426
20.402
20.402
20.385
20.361
20.361
20.361
20.361
20.337
20.337
20.319
20.302
20.302
20.286
20.286
20.286
20.270
20.270
20.256
20.256
20.238
20.222
20.209
20.209
20.194
20.194
20.194
20.194
20.194
20.183
20.183
20.183
20.183
20.183
20.172
20.172
20.172
20.172
20.155
20.155
20.155
20.155
20.146
20.132
20.132
20.132
20.132
20.132
20.132
20.132
20.125
20.125
20.125
20.108
20.108
20.108
20.108
20.093
20.087
20.087
20.087
20.087
20.060
20.048
20.048
20.021
20.010
20.010
19.984
19.959
19.944
19.944
19.944
19.944
19.939
19.939
19.939
19.926
19.923
19.923
19.923
19.923
19.923
19.913
19.901
19.901
19.893
19.893
19.887
19.887
19.887
19.887
19.861
19.861
19.861
19.836
19.812
19.812
19.812
19.812
19.812
19.812
19.812
19.812
19.789
19.789
19.785
19.785
19.785
19.785
19.774
19.774
19.766
19.766
19.759
19.755
19.755
19.755
19.755
19.755
19.755
19.752
19.752
19.752
19.752
19.749
19.749
19.749
19.749
19.749
19.749
19.749
19.726
19.726
19.726
19.726
19.706
19.706
19.705
19.705
19.705
19.705
19.705
19.705
19.705
19.705
19.705
19.705
19.705
19.705
19.705
19.705
19.705
19.686
19.686
19.686
19.686
19.686
19.686
19.686
19.686
19.686
19.686
19.686
19.686
19.686
19.686
19.686
19.686
19.668
19.668
19.668
19.668
19.668
19.668
19.668
19.668
19.668
19.668
19.668
19.668
19.668
19.668
19.668
19.668
19.668
19.652
19.652
19.652
19.652
19.652
19.652
19.638
19.638
19.625
19.625
19.625
19.625
19.625
19.625
19.625
19.625
19.625
19.625
19.625
19.625
19.625
19.625
19.625
19.625
19.625
19.625
19.625
19.625
19.625
19.625
19.625
19.625
19.625
19.625
19.625
19.625
19.625
19.625
19.625
19.625
19.625
19.625
19.625
19.625
19.625
19.625
19.625
19.625
19.625
19.625
19.625
19.625
19.625
19.625
19.625
19.625
19.625
19.625
19.625
19.625
19.625
19.625
19.625
19.625
19.625
19.625
19.625
19.625
19.625
19.625
19.625
19.625
19.625
19.625
19.625
19.625
19.625
19.625
19.615
19.615
19.615
19.615
19.615
19.615
19.615
19.615
19.615
19.615
19.615
19.615
19.615
19.615
19.615
19.615
19.615
19.615
19.615
19.615
19.615
19.606
19.606
19.606
19.606
19.606
19.606
19.606
19.606
19.606
19.606
19.606
19.606
19.606
19.606
19.606
19.606
19.606
19.606
19.606
19.606
19.606
19.606
19.606
19.600
19.600
19.600
19.600
19.600
19.600
19.596
19.596
19.596
19.596
19.593
19.593
19.593
19.593
19.593
19.593
19.593
19.593
19.593
19.593
19.593
19.593
19.593
19.593
19.593
19.593
19.593
19.593
19.593
19.593
19.593
19.593
19.593
19.593
19.593
19.593
19.593
19.593
19.593
19.593
19.593
19.593
19.593
19.593
19.593
19.593
19.593
19.593
19.593
19.593
19.593
19.593
19.593
19.593
19.593
19.593
19.593
19.593
19.593
19.593
19.593
19.593
19.593
19.593
19.593
19.593
19.593
19.593
19.593
19.593
19.593
19.593
19.593
19.593
19.593
19.593
19.593
19.593
19.593
19.593
19.593
19.593
19.593
19.593
19.593
19.593
19.593
19.593
19.593
19.593
19.593
19.593
19.593
19.593
19.593
19.593
19.593
19.593
19.593
19.593
19.593
19.593
19.593
19.593
19.593
19.593
19.593
19.593
19.593
19.593
19.593
19.593
19.593
19.593
19.593
19.593
19.593
19.593
19.593
19.593
19.593
19.593
19.593
19.593
19.593
19.593
19.593
19.593
19.593
19.593
