5148.800
5148.800
5121.700
5121.700
5112.500
5006.400
5002.900
5002.900
4999.800
4999.800
4979.400
4979.400
4969.000
4905.100
4905.100
4905.100
4905.100
4905.100
4905.100
4905.100
4905.100
4905.100
4881.900
4873.800
4873.800
4869.800
4869.800
4869.800
4830.100
4820.100
4820.100
4807.900
4790.700
4790.700
4781.600
4781.600
4781.600
4770.700
4770.700
4748.800
4748.800
4748.800
4731.500
4731.500
4713.100
4713.100
4687.800
4687.800
4673.500
4673.500
4673.500
4673.500
4666.200
4666.200
4582.500
4581.800
4468.500
4457.400
4450.400
4450.400
4450.400
4450.400
4450.400
4450.400
4446.500
4443.700
4443.700
4443.700
4443.700
4443.700
4443.700
4443.700
4391.900
4378.600
4378.600
4378.600
4330.300
4330.300
4325.200
4325.200
4276.900
4276.900
4214.100
4191.000
4191.000
4191.000
4141.600
4141.600
4139.800
4139.800
4139.800
4130.200
4130.200
4080.100
4080.100
4080.100
4080.100
4047.800
4031.900
4031.900
4019.500
4019.500
4019.500
4019.500
4019.500
4019.500
4019.500
4019.500
4019.500
4019.500
4007.600
4007.600
4007.600
4007.600
4007.600
4007.600
4007.600
4002.500
4002.500
4002.500
4002.500
4002.500
4002.500
3973.400
3973.400
3959.500
3959.500
3959.500
3959.500
3959.500
3959.500
3959.500
3959.500
3959.500
3921.400
3921.400
3918.800
3918.800
3918.800
3918.800
3918.800
3892.500
3889.600
3889.600
3889.600
3825.700
3825.700
3817.300
3817.300
3817.300
3777.400
3777.400
3777.400
3777.400
3777.400
3777.400
3777.400
3777.400
3777.400
3732.700
3732.700
3732.700
3732.700
3727.600
3727.600
3727.600
3705.300
3680.200
3680.200
3619.500
3619.500
3619.500
3619.500
3619.500
3619.500
3619.500
3590.200
3590.200
3590.200
3590.200
3590.200
3590.200
3590.200
3590.200
3590.200
3590.200
3567.600
3567.600
3567.600
3567.600
3567.600
3567.600
3567.600
3566.000
3566.000
3566.000
3547.000
3547.000
3456.000
3456.000
3415.000
3415.000
3415.000
3415.000
3360.000
3303.700
3303.700
3288.500
3288.500
3288.500
3277.200
3277.200
3277.200
3277.200
3277.200
3274.800
3274.800
3258.400
3258.400
3236.800
3209.000
3209.000
3209.000
3161.200
3161.200
3161.200
3161.200
3161.200
3161.200
3161.200
3161.200
3161.200
3160.500
3158.900
3158.900
3158.900
3158.900
3150.400
3150.400
3112.100
3112.100
3112.000
3112.000
3112.000
3112.000
3077.000
3077.000
3077.000
3077.000
3075.400
3075.400
3075.400
3075.400
3075.400
3075.400
3056.900
3056.900
3047.500
3047.500
3047.500
3047.500
3047.500
3047.500
3045.400
3045.400
3044.800
3044.800
3044.800
3044.800
3044.800
3044.800
3044.800
3044.800
3044.800
3044.800
3044.800
3044.800
3044.800
3044.800
3044.800
3044.200
3044.200
3044.200
3044.200
3044.200
3044.200
3044.200
3020.100
3020.100
3020.100
3020.100
3020.100
3012.100
3012.100
3012.100
3012.100
3012.100
3012.100
3012.100
3012.100
3012.100
3012.100
3012.100
3012.100
3012.100
3012.100
3012.100
3012.100
3012.100
3012.100
3012.100
3012.100
3012.100
3011.400
3011.400
3011.400
3011.400
2993.400
2979.500
2979.500
2979.500
2979.500
2969.800
2969.800
2969.800
2969.800
2969.800
2969.800
2969.800
2969.800
2969.800
2969.800
2969.800
2969.800
2955.100
2955.100
2943.100
2932.800
2932.800
2932.800
2932.800
2912.300
2912.300
2912.300
2912.300
2912.300
2911.200
2911.200
2911.200
2911.200
2911.200
2911.200
2911.200
2901.900
2901.900
2901.900
2901.900
2901.900
2901.900
2901.900
2901.900
2901.900
2900.000
2900.000
2900.000
2900.000
2900.000
2900.000
2900.000
2900.000
2900.000
2893.300
2893.300
2893.300
2893.300
2893.300
2893.200
2889.300
2889.300
2889.300
2889.300
2889.300
2889.300
2889.300
2889.300
2889.300
2889.300
2889.300
2889.300
2889.300
2889.300
2889.300
2889.300
2889.300
2889.300
2876.600
2876.600
2876.600
2833.100
2833.100
2833.100
2833.100
2833.100
2833.100
2833.100
2833.100
2833.100
2833.100
2833.100
2815.500
2815.500
2815.500
2815.500
2815.500
2815.500
2809.900
2801.300
2801.300
2801.300
2801.300
2801.300
2801.300
2801.300
2801.300
2801.300
2801.300
2801.300
2801.300
2790.100
2790.100
2790.100
2790.100
2790.100
2789.400
2789.400
2789.400
2789.400
2789.400
2783.900
2783.900
2777.600
2777.600
2770.600
2770.600
2770.600
2770.600
2770.600
2770.600
2770.600
2770.600
2770.600
2770.600
2770.600
2770.600
2770.600
2770.600
2770.600
2770.600
2764.900
2764.900
2764.900
2764.900
2753.200
2753.200
2753.200
2753.200
2753.200
2753.200
2750.900
2750.900
2750.900
2750.900
2750.900
2750.900
2750.900
2750.900
2750.900
2750.900
2750.900
2750.900
2733.800
2733.800
2733.800
2733.800
2733.800
2733.800
2733.800
2733.800
2731.600
2731.600
2726.900
2647.500
2647.500
2640.800
2640.800
2640.800
2640.800
2640.800
2640.800
2640.800
2640.800
2640.800
2640.800
2640.800
2640.800
2640.800
2640.800
2640.800
2638.700
2638.700
2638.700
2638.700
2638.700
2638.700
2638.700
2638.700
2638.700
2638.700
2638.700
2638.700
2638.700
2638.700
2638.700
2638.700
2638.700
2638.700
2638.700
2638.700
2636.500
2636.500
2636.500
2636.500
2636.500
2635.700
2635.700
2635.700
2635.700
2635.700
2635.700
2635.700
2626.900
2626.900
2626.900
2626.900
2626.900
2626.900
2626.900
2626.900
2626.900
2626.900
2626.900
2626.900
2626.900
2626.900
2626.900
2626.900
2626.900
2620.900
2620.900
2620.900
2620.900
2620.900
2620.900
2507.400
2507.400
2507.400
2507.400
2507.400
2507.400
2507.400
2507.400
2507.400
2507.400
2483.200
2483.200
2483.200
2483.200
2481.900
2481.900
2481.900
2481.900
2481.900
2471.900
2471.900
2471.900
2471.900
2471.900
2471.900
2471.900
2471.900
2471.900
2471.900
2471.900
2471.900
2471.900
2471.900
2471.900
2471.900
2471.900
2470.200
2470.200
2470.200
2470.200
2470.200
2470.200
2470.200
2470.200
2470.200
2462.800
2462.800
2462.800
2462.800
2462.800
2458.400
2458.400
2458.400
2458.400
2433.700
2433.700
2419.600
2410.000
2410.000
2410.000
2410.000
2410.000
2410.000
2410.000
2410.000
2395.900
2395.900
2395.900
2379.200
2379.200
2379.200
2379.200
2379.200
2379.200
2379.200
2379.200
2379.200
2377.300
2377.300
2377.300
2377.300
2377.300
2363.800
2363.800
2363.800
2333.700
2333.700
2333.700
2333.700
2333.700
2333.700
2316.500
2316.500
2316.500
2316.500
2316.500
2316.500
2316.500
2316.500
2316.500
2316.500
2316.500
2316.500
2316.500
2316.500
2316.500
2316.500
2309.200
2309.200
2309.200
2309.200
2309.200
2309.200
2309.200
2309.200
2309.200
2240.600
2240.600
2240.600
2240.600
2240.600
2240.600
2240.600
2240.600
2240.600
2240.600
2240.600
2240.600
2240.600
2240.600
2240.600
2240.600
2240.600
2240.600
2240.600
2240.600
2240.600
2240.600
2240.600
2240.600
2240.600
2240.600
2240.600
2240.600
2240.600
2240.600
2232.900
2232.900
2232.900
2232.900
2232.900
2232.900
2232.900
2232.900
2232.900
2232.900
2232.900
2232.900
2232.900
2232.900
2232.900
2232.900
2232.900
2232.900
2232.900
2232.900
2218.800
2218.800
2218.800
2218.800
2218.800
2218.800
2218.800
2218.800
2218.800
2218.800
2218.800
2218.800
2218.800
2218.800
2218.800
2218.800
2215.300
2215.300
2215.300
2215.300
2215.300
2215.300
2215.300
2215.300
2215.300
2188.300
2188.300
2188.300
2188.300
2188.300
2188.300
2188.300
2188.300
2188.300
2188.300
2188.300
2188.300
2188.300
2188.300
2188.300
2188.300
2188.300
2188.300
2188.300
2188.300
2188.300
2188.300
2188.300
2188.300
2188.300
2188.300
2188.300
2188.300
2188.300
2188.300
2188.300
2141.400
2141.400
2141.400
2141.400
2141.400
2141.400
2141.400
2141.400
2141.400
2141.400
2110.900
2110.900
2110.900
2110.000
2110.000
2110.000
2110.000
2110.000
2110.000
2110.000
2110.000
2110.000
2110.000
2110.000
2110.000
2110.000
2110.000
2110.000
2110.000
2110.000
2110.000
2110.000
2085.400
2085.100
2085.100
2085.100
2072.500
2072.500
2072.500
2072.500
2072.500
2072.500
2072.500
2072.500
2072.500
2072.500
2072.500
2072.500
2072.500
2072.500
2072.500
2072.500
2072.500
2034.500
2034.500
2034.500
2034.500
2010.000
2010.000
2010.000
2010.000
2010.000
2010.000
2010.000
2010.000
2010.000
2010.000
2010.000
2010.000
2010.000
2010.000
2010.000
2010.000
2010.000
2010.000
2000.300
2000.300
2000.300
2000.300
2000.300
2000.300
2000.300
2000.300
2000.300
2000.300
2000.300
2000.300
2000.300
2000.300
1999.100
1999.100
1999.100
1999.100
1999.100
1999.100
1999.100
1999.100
1999.100
1999.100
1999.100
1978.500
1966.900
1966.900
1966.900
1966.900
1966.900
1966.900
1966.900
1966.200
1965.900
1965.900
1965.900
1965.900
1965.900
1965.900
1965.900
1965.900
1965.900
1965.900
1965.900
1965.900
1965.900
1965.900
1965.900
1965.900
1965.900
1965.900
1965.900
1965.900
1965.900
1965.900
1965.900
1965.900
1965.900
1965.900
1965.900
1965.900
1965.900
1965.900
1965.900
1965.900
1965.900
1965.900
1965.900
1965.900
1965.900
1965.900
1965.900
1965.900
1965.900
1965.900
1965.900
1965.900
1965.900
1965.900
1965.900
1965.900
1965.900
1965.900
1965.900
1965.900
1965.900
1965.900
1965.900
1965.900
1965.900
1965.900
1965.900
1957.100
1957.100
1957.100
1946.300
1946.300
1946.300
1946.300
1946.300
1946.300
1946.300
1946.300
1946.300
1946.300
1946.300
1944.700
1944.700
1944.700
1944.700
1944.700
1944.700
1944.700
1944.700
1944.700
1944.700
1930.700
1930.700
1930.700
1930.700
1930.700
1930.700
1930.700
1926.800
1926.800
1926.800
1926.800
1926.800
1926.800
1915.100
1915.100
1915.100
1915.100
1915.100
1915.100
1915.100
1915.100
1915.100
1915.100
1915.100
1915.100
1915.100
1915.100
1911.900
1911.900
1911.900
1911.900
1911.900
1911.900
1911.900
1911.900
1911.900
1911.900
1911.900
1911.900
1911.900
1911.900
1911.900
1911.900
1911.900
1911.900
1877.800
1877.800
1862.700
1862.700
1861.600
1861.600
1861.600
1861.600
1861.600
1861.600
1861.600
1861.600
1861.600
1861.600
1861.600
1861.600
1861.600
1861.600
1861.600
1861.600
1861.600
1861.600
1861.600
1861.600
1861.600
1861.600
1861.600
1861.600
1861.600
1861.600
1861.600
1861.600
1861.600
1861.600
1861.600
1861.600
1861.600
1861.600
1861.600
1861.600
1861.600
1861.600
1861.600
1861.600
1861.600
1861.600
1861.600
1861.600
1861.600
1861.600
1861.600
1861.600
1861.600
1836.900
1836.900
1836.900
1836.900
1836.900
1836.900
1836.900
1836.900
1836.900
1836.900
1836.900
1836.900
1836.900
1836.900
1836.900
1836.900
1836.900
1836.900
1836.900
1836.900
1836.900
1836.900
1836.900
1836.900
1836.900
1836.900
1836.900
1836.900
1836.900
1836.900
1836.900
1836.900
1836.900
1836.900
1836.900
1836.900
1836.900
1836.900
1836.900
1836.900
1836.900
1836.900
1836.900
1836.900
1836.900
1836.900
1836.900
1836.900
1836.900
1836.900
1836.900
1836.900
1836.900
1836.900
1836.900
1836.900
1836.900
1836.900
1836.900
1836.900
1836.900
1836.900
1836.900
1832.500
1832.500
1832.500
1832.500
1832.500
1832.500
1832.500
1832.500
1832.500
1817.100
1817.100
1817.100
1817.100
1817.100
1817.100
1817.100
1817.100
1817.100
1817.100
1817.100
1817.100
1817.100
1817.100
1815.300
1815.300
1815.300
1815.300
1815.300
1815.300
1815.300
1815.300
1815.300
1815.300
1815.300
1815.300
1814.000
1814.000
1814.000
1814.000
1814.000
1814.000
1814.000
1814.000
1814.000
1814.000
1814.000
1814.000
1814.000
1790.900
1790.900
1790.900
1790.900
1790.900
1790.900
1790.900
1790.900
1790.900
1790.900
1790.900
1790.900
1790.900
1790.900
1790.900
1790.900
1790.900
1790.900
1790.900
1790.900
1790.900
1790.900
1790.900
1790.900
1790.900
1790.900
1790.900
1790.900
1780.800
1780.800
1778.900
1778.900
1778.900
1778.900
1778.900
1778.900
1778.900
1778.900
1778.900
1778.900
1778.900
1778.900
1778.900
1778.900
1778.900
1778.900
1778.900
1778.900
1778.900
1778.900
1778.900
1778.900
1778.900
1778.900
1778.900
1778.900
1778.900
1778.900
1778.900
1778.900
1778.900
1778.900
1778.900
1778.900
1778.900
1778.900
1778.900
1778.700
1778.700
1778.700
1778.700
1778.700
1778.700
1778.700
1778.700
1778.700
1778.700
1778.700
1778.700
1778.700
1778.700
1778.700
1778.700
1778.700
1778.700
1778.700
1778.700
1773.800
1773.800
1773.800
1773.800
1773.800
1770.300
1770.300
1770.300
1770.300
1770.300
1770.300
1770.300
1770.300
1770.300
1770.300
1770.300
1770.300
1770.300
1770.300
1762.500
1762.500
1762.500
1762.500
1762.500
1762.500
1762.500
1762.500
1762.500
1762.500
1762.500
1762.500
1762.500
1762.500
1762.500
1762.500
1762.500
1762.500
1762.500
1762.500
1762.500
1762.500
1762.500
1760.100
1760.100
1760.100
1760.100
1760.100
1760.100
1760.100
1740.000
1740.000
1740.000
1740.000
1740.000
1740.000
1740.000
1740.000
1740.000
1740.000
1740.000
1740.000
1740.000
1740.000
1740.000
1740.000
1740.000
1740.000
1740.000
1740.000
1740.000
1740.000
1740.000
1740.000
1740.000
1740.000
1740.000
1740.000
1740.000
1740.000
1740.000
1740.000
1740.000
1740.000
1740.000
1740.000
1740.000
1740.000
1740.000
1717.100
1717.100
1717.100
1717.100
1717.100
1709.900
1693.600
1693.600
1693.600
1693.600
1693.600
1693.600
1693.600
1693.600
1693.600
1693.600
1689.800
1689.800
1689.800
1689.800
1689.800
1689.800
1689.800
1689.800
1689.800
1689.800
1675.900
1675.900
1675.900
1675.900
1675.900
1675.900
1675.900
1675.900
1675.900
1660.700
1660.700
1660.700
1660.700
1660.700
1660.700
1660.700
1660.700
1660.700
1660.700
1660.700
1660.700
1660.700
1660.700
1660.700
1660.700
1660.700
1660.700
1660.700
1660.700
1660.700
1660.700
1660.700
1660.700
1660.700
1660.700
1660.700
1660.700
1660.700
1660.700
1660.700
1660.700
1660.700
1660.700
1660.700
1660.700
1660.700
1660.700
1660.700
1660.700
1660.700
1660.700
1660.700
1660.700
1660.700
1660.700
1660.700
1660.700
1660.700
1660.700
1660.700
1660.700
1660.700
1660.700
1660.700
1660.700
1660.700
1660.700
1660.700
1660.700
1660.700
1660.700
1660.700
1660.700
1660.700
1660.700
1660.700
1660.700
1660.700
1660.700
1660.700
1660.700
1660.700
1660.700
1660.700
1660.700
1660.700
1660.700
1660.700
1660.700
1660.700
1660.700
1660.700
1660.700
1660.700
1660.700
1660.700
1660.700
1660.700
1660.700
1660.700
1660.700
1660.400
1658.300
1658.300
1658.300
1658.300
1658.300
1658.300
1658.300
1658.300
1658.300
1658.300
1658.300
1658.300
1658.300
1658.300
1658.300
1658.300
1658.300
1658.300
1658.300
1658.300
1658.300
1658.300
1658.300
1658.300
1658.300
1658.300
1658.300
1658.300
1658.300
1658.300
1658.300
1658.300
1657.400
1657.400
1657.400
1657.400
1657.400
1657.400
1657.400
1657.400
1657.400
1657.400
1657.400
1657.400
1657.400
1657.400
1657.400
1657.400
1657.400
1657.400
1657.400
1657.400
1657.400
1653.800
1653.800
1653.800
1653.800
1653.800
1653.800
1653.800
1653.800
1653.800
1653.800
1653.800
1653.800
1653.800
1653.800
1653.800
1653.800
1653.800
1653.800
1653.800
1653.800
1653.800
1653.800
1653.800
1653.800
1653.800
1653.800
1653.800
1651.800
1651.800
1651.800
1651.800
1651.800
1651.800
1651.800
1651.800
1651.800
1651.800
1651.800
1651.800
1651.800
1651.800
1651.800
1651.800
1651.800
1651.800
1651.800
1651.800
1651.800
1651.800
1651.800
1651.800
1651.800
1651.800
1651.800
1651.800
1651.800
1651.800
1651.800
1651.800
1651.800
1651.800
1651.800
1651.800
1651.800
1651.800
1651.800
1651.800
1651.800
1651.800
1651.800
1651.800
1651.800
1651.800
1651.800
1651.800
1651.800
1651.800
1651.600
1651.600
1651.600
1651.600
1651.600
1651.600
1651.600
1651.600
1651.600
1651.600
1651.600
1648.200
1648.200
1648.200
1648.200
1648.200
1648.200
1648.200
1648.200
1648.200
1648.200
1648.200
1648.200
1648.200
1648.200
1648.200
1648.200
1648.200
1648.200
1648.200
1648.200
1643.300
1643.300
1643.300
1643.300
1643.300
1643.300
1643.300
1643.300
1643.300
1643.300
1643.300
1643.300
1643.300
1643.300
1643.300
1643.300
1643.300
1643.300
1643.300
1643.300
1643.300
1643.300
1643.300
1643.300
1643.300
1643.300
1643.300
1643.300
1643.300
1643.300
1643.300
1643.300
1643.300
1643.300
1643.300
1643.300
1643.300
1643.300
1643.300
1643.300
1643.300
1643.300
1643.300
1643.300
1643.300
1643.300
1643.300
1643.300
1643.300
1643.300
1643.300
1643.300
1643.300
1643.300
1643.300
1643.300
1643.300
1643.300
1643.300
1643.300
1643.300
1643.300
1643.300
1643.300
1643.300
1643.300
1643.300
1643.300
1643.300
1643.300
1643.300
1643.300
1643.300
1643.300
1643.300
1643.300
1643.300
1643.300
1643.300
1643.300
1643.300
1643.300
1643.300
1643.300
1643.300
1643.300
1643.300
1641.700
1641.700
1641.700
1641.700
1641.700
1632.300
1632.300
1632.300
1632.300
1632.300
1632.300
1632.300
1632.300
1632.300
1624.600
1624.600
1624.600
1624.600
1624.600
1624.600
1624.600
1624.600
1624.600
1624.600
1624.600
1624.600
1624.600
1624.600
1624.600
1624.600
1624.600
1624.600
1624.600
1624.600
1624.600
1624.600
1624.600
1624.600
1624.600
1624.600
1624.600
1624.600
1624.600
1624.600
1624.600
1624.600
1624.600
1624.600
1624.600
1624.600
1622.500
1622.500
1622.500
1622.500
1622.500
1622.500
1622.500
1622.500
1622.500
1622.500
1622.500
1622.500
1622.500
1622.500
1622.500
1622.500
1622.500
1622.500
1622.500
1622.500
1622.500
1601.900
1601.900
1601.900
1601.900
1601.900
1601.900
1601.900
1601.900
1601.900
1601.900
1601.900
1601.900
1601.900
1601.900
1601.900
1601.900
1601.900
1601.900
1601.900
1601.900
1601.900
1601.900
1601.900
1601.900
1601.900
1601.900
1601.900
1601.900
1601.900
1601.900
1601.900
1601.900
1601.900
1601.900
1601.900
1601.900
1601.900
1601.900
1601.900
1601.900
1601.900
1601.900
1601.900
1601.900
1601.900
1601.900
1601.900
1601.900
1601.900
1601.900
1601.900
1601.900
1601.900
1601.900
1601.900
1601.900
1601.900
1601.900
1601.900
1601.900
1601.900
1601.900
1601.900
1601.900
1601.900
1601.900
1601.900
1601.900
1597.500
1597.500
1597.500
1597.500
1597.500
1597.500
1597.500
1597.500
1597.500
1597.500
1597.500
1597.500
1597.500
1597.500
1597.500
1597.500
1597.500
1597.500
1597.500
1597.500
1597.500
1597.500
1597.500
1597.500
1597.500
1597.500
1597.500
1597.500
1597.500
1597.500
1592.700
1592.700
1592.700
1592.700
1592.700
1592.700
1592.700
1592.700
1592.700
1592.700
1592.700
1592.700
1592.700
1592.700
1592.700
1592.700
1592.700
1592.700
1592.700
1592.700
1592.700
1592.700
1592.700
1592.700
1592.700
1592.700
1592.700
1592.700
1592.700
1592.700
1592.700
1592.700
1592.700
1592.700
1592.700
1592.400
1592.400
1592.400
1592.400
1592.400
1592.400
1592.400
1592.400
1592.400
1592.400
1592.400
1592.400
1592.400
1592.400
1592.400
1592.400
1592.400
1592.400
1592.400
1592.400
1592.400
1592.400
1592.400
1592.400
1592.400
1592.400
1592.400
1592.400
1592.400
1592.400
1592.400
1592.400
1592.400
1576.700
1576.700
1576.700
1576.700
1576.700
1576.700
1576.700
1576.700
1576.700
1576.700
1576.700
1576.700
1576.700
1576.700
1576.700
1576.700
1576.700
1576.700
1576.700
1576.700
1576.700
1576.700
1576.700
1576.700
1576.700
1576.700
1576.700
1576.700
1576.700
1576.700
1576.700
1576.700
1576.700
1576.700
1576.700
1576.700
1576.700
1576.700
1576.700
1576.700
1576.700
1576.700
1576.700
1576.700
1576.700
1576.700
1576.700
1576.700
1576.700
1576.700
1576.700
1576.700
1576.700
1576.700
1576.700
1576.700
1576.700
1576.700
1576.700
1576.700
1576.700
1576.700
1576.700
1576.700
1576.700
1576.700
1576.700
1576.700
1576.700
1576.700
1576.700
1576.700
1576.700
1576.700
1576.700
1576.700
1576.700
1576.700
1576.700
1576.700
1576.700
1576.700
1576.700
1576.700
1576.700
1576.700
1576.700
1576.700
1576.700
1576.700
1576.700
1576.700
1576.700
1576.700
1576.700
1576.700
1576.700
1576.700
1576.700
1576.700
1576.700
